,experiment9,experiment8,experiment7,experiment6,experiment5,experiment4,experiment3,experiment2,experiment1,experiment0
0,22,11,26,31,24,7,16,31,23,27
1,22,18,28,31,27,30,24,24,23,23
2,22,18,28,33,38,26,24,16,22,12
3,22,4,26,33,28,32,21,16,5,7
4,22,4,28,31,32,32,21,24,5,6
5,22,11,24,31,24,43,22,18,5,6
6,24,18,30,31,24,36,20,18,5,7
7,24,22,31,37,24,28,22,18,11,9
8,24,10,32,37,24,28,20,18,12,7
9,24,18,30,29,26,28,22,18,12,9
10,24,10,30,33,26,30,26,39,26,9
11,28,10,30,33,26,30,22,26,12,11
12,26,10,31,31,22,32,26,26,26,11
13,26,10,32,34,11,32,22,20,3,13
14,30,10,31,31,12,4,30,40,26,22
15,30,10,32,33,5,30,24,20,26,11
16,30,10,33,33,11,30,26,20,14,15
17,28,12,38,45,5,32,26,16,14,15
18,28,12,39,40,7,32,24,20,8,28
19,30,8,39,34,20,4,24,46,14,22
20,26,13,32,43,20,42,18,20,14,30
21,28,24,32,43,15,40,32,22,14,22
22,26,12,32,43,8,40,28,26,8,22
23,26,27,42,44,8,40,29,26,16,18
24,26,26,42,53,19,41,30,24,16,14
25,23,27,44,53,20,3,29,26,16,15
26,28,27,44,46,8,3,32,27,16,19
27,26,18,45,53,8,3,32,28,16,19
28,28,17,44,55,14,8,36,36,16,21
29,28,17,24,56,8,7,36,36,16,21
30,28,25,8,57,20,36,36,25,7,18
31,28,20,24,57,22,42,32,25,8,18
32,28,20,7,58,10,37,34,25,32,24
33,33,26,24,58,10,39,34,18,8,24
34,30,19,41,60,62,42,40,30,32,23
35,30,20,47,59,10,42,40,30,8,19
36,26,20,23,47,10,6,38,30,6,25
37,30,8,48,53,10,4,38,30,6,28
38,30,8,48,49,66,6,42,23,7,26
39,30,8,40,63,10,4,45,27,7,28
40,32,8,48,62,12,4,45,26,30,28
41,32,8,44,63,12,4,46,26,28,28
42,32,8,37,65,12,9,44,28,28,27
43,32,8,36,66,12,47,44,30,30,27
44,32,8,38,67,14,11,44,30,30,23
45,34,8,32,68,12,9,46,29,20,22
46,38,8,32,58,14,8,46,28,22,22
47,38,8,38,70,14,13,44,28,22,26
48,38,8,48,70,14,13,52,28,22,27
49,40,8,48,20,14,11,52,30,22,34
50,38,8,43,72,18,11,46,30,24,36
51,38,9,46,76,16,54,48,30,24,36
52,38,7,42,74,11,56,46,36,42,36
53,40,9,58,74,12,10,46,36,38,36
54,40,9,42,76,12,9,46,40,42,36
55,44,13,42,76,12,56,46,27,68,36
56,44,28,30,78,12,56,48,31,68,24
57,44,28,56,78,50,56,54,27,70,34
58,42,20,48,78,50,56,48,32,71,50
59,44,20,48,79,26,57,47,25,71,50
60,44,20,44,80,46,58,48,25,71,48
61,44,28,40,74,37,62,48,31,72,68
62,46,20,30,76,22,55,46,31,73,70
63,46,20,41,82,38,55,49,32,74,70
64,48,20,66,78,24,58,50,32,76,70
65,46,34,64,84,22,58,54,32,74,60
66,46,42,64,73,47,55,62,32,75,60
67,48,46,44,78,22,56,56,32,71,60
68,48,20,68,80,48,57,56,32,46,62
69,46,20,68,88,24,57,53,32,62,62
70,50,46,66,82,22,56,53,46,59,62
71,50,44,66,86,20,60,54,46,70,64
72,54,50,68,88,30,62,54,46,84,54
73,48,47,70,88,30,60,54,32,84,48
74,38,47,68,90,20,62,54,32,58,52
75,38,47,54,91,18,62,82,29,48,78
76,39,55,65,85,26,62,58,30,66,76
77,42,47,55,85,26,62,58,30,60,48
78,52,9,70,85,26,60,82,34,68,78
79,50,74,52,85,26,63,66,34,66,42
80,56,74,70,85,64,63,82,34,68,82
81,58,68,55,77,64,66,60,36,70,46
82,52,66,46,81,64,64,59,34,70,62
83,52,51,46,92,63,64,59,34,68,84
84,60,30,72,92,66,64,60,33,82,84
85,60,8,59,93,62,64,60,33,90,67
86,56,8,58,95,64,65,74,32,98,84
87,56,14,63,94,72,66,47,33,98,86
88,56,8,64,96,62,66,47,33,92,86
89,56,8,56,97,21,66,70,34,72,85
90,56,8,65,97,45,58,70,34,92,46
91,56,20,65,98,62,57,65,42,68,50
92,58,22,64,32,62,70,88,42,74,16
93,58,11,56,98,56,70,76,47,74,50
94,58,11,56,97,56,63,42,48,74,51
95,58,21,58,98,56,64,69,44,74,94
96,58,19,58,98,13,69,66,44,74,50
97,60,17,60,40,14,65,72,35,70,51
98,51,10,60,38,13,69,42,47,70,52
99,51,10,60,40,14,66,57,30,45,53
100,52,22,60,34,45,40,62,30,74,30
101,52,22,58,40,84,54,58,30,70,58
102,52,22,58,42,13,66,62,36,76,92
103,52,22,58,42,13,66,64,36,76,59
104,52,38,62,44,13,70,59,37,82,59
105,52,20,60,46,13,70,50,36,76,59
106,53,21,60,50,13,71,64,40,74,55
107,53,35,62,44,13,72,51,39,66,62
108,52,35,62,46,13,75,67,30,50,62
109,52,21,62,46,13,74,64,39,52,74
110,54,21,58,48,13,74,65,31,52,76
111,54,21,62,46,17,75,66,38,78,76
112,54,21,62,48,13,72,49,30,62,76
113,54,38,66,48,13,42,49,31,78,97
114,58,37,66,48,13,76,68,32,78,82
115,58,40,64,47,11,75,61,35,52,82
116,60,24,64,48,11,25,62,35,80,82
117,60,22,62,48,11,14,69,35,72,99
118,60,22,64,50,11,14,69,27,76,82
119,62,22,66,48,53,14,78,27,76,82
120,64,14,68,96,62,14,63,27,75,84
121,64,22,68,48,76,21,63,27,80,84
122,64,26,68,48,57,74,63,26,76,84
123,64,26,60,48,60,78,68,26,76,84
124,64,28,60,46,92,78,64,26,72,84
125,64,28,68,46,96,80,86,26,80,84
126,64,23,68,48,96,78,71,26,34,85
127,64,24,68,50,25,78,71,26,47,85
128,64,9,68,48,25,74,72,29,51,86
129,64,24,70,48,25,74,72,30,51,34
130,65,30,70,48,53,82,72,30,51,45
131,65,30,68,49,24,83,67,30,38,42
132,66,30,60,49,55,78,11,34,36,55
133,66,30,66,49,72,74,11,34,36,55
134,70,42,66,49,72,76,67,34,38,55
135,68,30,60,48,56,76,70,81,38,53
136,70,30,58,48,74,88,73,31,90,53
137,70,30,62,50,74,90,73,35,38,53
138,70,30,62,50,74,92,73,35,38,53
139,70,30,58,50,98,84,72,36,38,55
140,70,30,48,50,74,82,72,36,34,60
141,68,30,64,50,76,84,72,34,40,57
142,76,30,64,51,80,86,70,36,40,57
143,70,32,64,51,80,86,63,36,40,56
144,70,32,63,52,80,85,63,36,40,57
145,68,32,18,47,6,85,65,36,40,53
146,65,32,66,52,80,93,69,31,40,53
147,70,32,60,52,28,91,69,27,40,59
148,67,34,54,52,28,91,76,28,40,74
149,80,32,20,52,16,92,69,14,40,60
150,69,32,22,52,28,92,20,31,40,53
151,79,32,20,52,20,92,20,36,40,51
152,71,34,22,52,28,88,82,27,40,53
153,59,36,20,52,25,95,83,36,40,53
154,57,34,7,52,25,86,84,28,40,53
155,5,36,7,35,16,86,86,26,39,65
156,5,36,54,50,16,87,82,15,39,53
157,4,30,72,53,16,85,73,20,40,64
158,5,33,72,53,16,87,9,20,40,53
159,5,20,72,53,34,89,84,24,38,36
160,4,59,72,58,20,91,73,24,29,36
161,4,36,21,53,20,96,87,31,30,29
162,4,36,5,55,27,92,87,34,30,53
163,5,36,5,55,59,96,86,34,40,29
164,4,24,5,54,59,92,89,32,30,30
165,18,24,5,56,20,90,88,34,40,13
166,5,14,5,58,28,90,87,36,40,13
167,5,14,5,59,35,92,87,34,41,14
168,5,52,64,58,40,89,89,34,46,13
169,19,66,85,60,28,90,83,35,46,15
170,19,53,85,60,28,90,89,36,48,15
171,18,53,84,56,42,90,87,38,44,15
172,18,54,84,56,40,89,91,35,40,15
173,73,56,86,56,36,92,89,38,48,16
174,5,62,86,56,28,91,89,36,48,16
175,22,62,87,60,28,91,89,36,48,16
176,22,60,88,58,28,89,86,35,48,30
177,22,60,91,58,28,89,86,36,50,15
178,22,57,88,64,28,23,94,38,50,17
